67 68 69
79 80 81
84 82 79
81 93 67
93 68 67
82 80 79
80 93 81
72 71 69
95 96 97
105 106 107
110 105 108
106 95 115
115 95 97
108 105 107
109 110 108
107 106 115
98 96 71
67 69 116
79 81 125
84 79 126
81 67 136
136 67 116
126 79 125
127 84 126
125 81 136
118 69 71
95 138 96
105 146 106
110 147 105
106 153 95
153 138 95
147 146 105
148 147 110
146 153 106
139 71 96
43 44 45
46 47 48
49 50 51
52 53 54
55 56 57
58 49 51
43 50 49
54 59 60
61 43 57
62 57 58
63 61 57
62 55 57
63 64 46
56 55 46
51 50 45
55 65 46
53 47 61
57 49 58
47 65 66
62 58 45
64 56 46
52 54 60
60 59 63
55 62 65
62 45 65
58 51 45
44 65 45
59 54 61
65 47 46
47 53 48
53 52 60
47 66 61
53 61 54
63 59 61
48 53 60
50 43 45
48 60 63
48 63 46
57 43 49
65 44 66
1 2 3
4 5 6
7 1 8
9 8 5
10 11 2
12 6 11
3 154 155
10 1 156
10 157 158
1 10 2
154 3 159
3 155 1
156 157 10
160 4 161
4 160 9
162 5 163
162 164 165
5 162 6
5 4 9
162 163 164
157 7 166
7 157 156
167 1 155
167 154 168
1 167 8
1 7 156
167 155 154
166 9 160
9 166 7
163 8 167
163 168 164
8 163 5
8 9 7
163 167 168
169 10 158
10 169 12
3 11 170
3 171 159
11 3 2
11 10 12
3 170 171
161 12 169
12 161 4
170 6 162
170 165 171
6 170 11
6 12 4
170 162 165
70 71 72
73 74 75
76 77 78
82 78 80
83 76 82
85 86 77
87 88 85
89 85 76
90 91 74
77 92 90
78 90 73
93 75 68
80 73 93
90 74 73
85 77 76
76 78 82
89 76 83
88 86 85
94 88 87
87 85 89
92 91 90
86 92 77
77 90 78
73 75 93
78 73 80
70 98 71
99 100 101
102 103 104
108 107 103
109 108 102
111 104 86
112 111 88
113 102 111
114 101 91
104 114 92
103 99 114
115 97 100
107 115 99
114 99 101
111 102 104
102 108 103
113 109 102
88 111 86
94 112 88
112 113 111
92 114 91
86 104 92
104 103 114
99 115 100
103 107 99
117 118 71
119 120 121
122 123 124
126 125 123
127 126 122
128 124 129
130 128 131
132 122 128
133 121 134
124 133 135
123 119 133
136 116 120
125 136 119
133 119 121
128 122 124
122 126 123
132 127 122
131 128 129
137 130 131
130 132 128
135 133 134
129 124 135
124 123 133
119 136 120
123 125 119
117 71 139
140 141 142
143 144 145
147 145 146
148 143 147
149 129 144
150 131 149
151 149 143
152 134 141
144 135 152
145 152 140
153 142 138
146 140 153
152 141 140
149 144 143
143 145 147
151 143 148
131 129 149
137 131 150
150 149 151
135 134 152
129 135 144
144 152 145
140 142 153
145 140 146
13 14 15
16 17 18
18 19 20
20 21 13
22 23 16
24 25 26
22 26 15
16 24 22
18 27 16
18 28 25
20 29 28
13 26 29
15 30 22
14 31 32
17 33 34
19 34 35
21 35 31
23 36 33
36 37 38
39 36 38
40 33 39
41 34 40
42 35 41
37 31 42
30 32 36
83 82 84
21 14 13
23 17 16
17 19 18
19 21 20
30 23 22
25 24 27
29 25 28
25 29 26
24 26 22
27 24 16
25 27 18
20 28 18
13 29 20
15 26 13
14 30 15
21 31 14
23 33 17
17 34 19
19 35 21
30 36 23
32 37 36
33 36 39
34 33 40
35 34 41
31 35 42
32 31 37
14 32 30