0.18778075 -0.60717344 0.6686517
0.1074913 -0.6535286 0.6686517
0.1074913 -0.6535285 0.52133954
0.18778074 -0.79259396 0.8159638
0.2680702 -0.7462388 0.6686517
0.18778074 -0.79259396 0.6686517
0.26807022 -0.6535286 0.8159638
0.26807022 -0.6535286 0.6686517
0.2680702 -0.7462388 0.8159638
0.1074913 -0.6535286 0.8159638
0.107491285 -0.7462388 0.6686517
0.107491285 -0.7462388 0.8159638
0.35354698 -0.60417855 0.23975301
0.18778078 -0.50847334 0.2878139
0.18778078 -0.50847334 0.23975301
0.022014529 -0.7955888 0.23975301
0.18778074 -0.891294 0.2878139
0.18778074 -0.891294 0.23975301
0.35354698 -0.79558885 0.2878139
0.35354698 -0.79558885 0.23975301
0.35354698 -0.60417855 0.2878139
0.022014543 -0.6041785 0.23975301
0.022014529 -0.7955888 0.2878139
0.10639163 -0.6528936 0.20186543
0.18778074 -0.7938637 0.20186543
0.18778075 -0.6059036 0.20186543
0.106391616 -0.7468737 0.20186543
0.26916987 -0.7468737 0.20186543
0.26916987 -0.65289366 0.20186543
0.022014543 -0.6041785 0.2878139
0.35354698 -0.60417855 0.33587456
0.18778078 -0.50847334 0.33587456
0.022014529 -0.79558885 0.33587456
0.18778074 -0.891294 0.33587456
0.35354698 -0.79558885 0.33587456
0.022014543 -0.6041785 0.33587456
0.18778075 -0.6059036 0.37376225
0.10639163 -0.65289366 0.37376225
0.106391616 -0.74687374 0.37376225
0.18778074 -0.7938637 0.37376225
0.26916987 -0.7468737 0.37376225
0.26916987 -0.65289366 0.37376225
-0.2298692 -0.5929668 1.1214823
0.020130798 -0.59296685 1.1214823
-0.22986926 -0.80680054 1.1214823
0.35543072 -0.8068006 0.9538273
0.35543072 -0.8068006 1.1214823
0.6054307 -0.8068006 0.9538273
-0.380839 -0.5929668 1.1170677
-0.380839 -0.5929668 1.2847227
-0.380839 -0.8068005 1.2847226
0.75640047 -0.80680066 1.2847226
0.6054307 -0.80680066 1.1214823
0.75640047 -0.592967 1.2847227
0.020130768 -0.80680054 0.9538273
0.020130798 -0.59296685 0.9538273
-0.2298692 -0.5929668 0.9538273
-0.380839 -0.8068005 1.1170677
0.75640047 -0.592967 1.1170677
0.75640047 -0.80680066 1.1170677
0.6054308 -0.5929669 1.1214823
-0.22986926 -0.8068005 0.9538273
0.6054308 -0.5929669 0.9538273
0.35543072 -0.59296685 0.9538273
0.020130768 -0.80680054 1.1214823
0.35543072 -0.5929669 1.1214823
-0.12471925 -0.6998838 2.5906515
-0.074719235 -0.67488384 3.0331514
-0.16221924 -0.6998838 3.0831513
0.18778077 -0.59988385 2.8831515
0.18778075 -0.69988394 3.5843492
-0.074719235 -0.67488384 3.0331514
0.031530753 -0.65613383 2.5156515
0.10028077 -0.62488383 2.9331512
0.012780771 -0.64988387 2.9831512
0.06903077 -0.66863376 1.5806514
0.11903076 -0.6436338 2.0231514
0.050280765 -0.6623838 2.0481515
-0.04971923 -0.6998837 1.6056514
-0.018469214 -0.68113375 2.0731516
-0.08721922 -0.69988376 2.0981514
0.009655759 -0.68425876 1.5931515
0.037780777 -0.6873837 1.1131514
-0.01221922 -0.6998837 1.1131514
0.12840576 -0.65300876 1.5681515
0.18778077 -0.6248838 1.9981513
0.13778076 -0.66238374 1.1131514
0.18778075 -0.63738376 1.5556514
0.08778077 -0.6748837 1.1131514
0.10965575 -0.6342588 2.4781513
0.18778077 -0.59988385 2.8831515
0.18778077 -0.61238384 2.4406514
-0.046594232 -0.6780088 2.5531516
0.18778075 -0.64988375 1.1131514
0.50028074 -0.6998839 2.5906515
0.53778076 -0.69988394 3.0831513
0.45028073 -0.6748839 3.0331514
0.45028073 -0.6748839 3.0331514
0.34403074 -0.65613383 2.5156515
0.36278075 -0.64988387 2.9831512
0.27528077 -0.6248839 2.9331512
0.30653074 -0.66863376 1.5806514
0.32528073 -0.6623838 2.0481515
0.25653076 -0.6436338 2.0231514
0.42528075 -0.6998838 1.6056514
0.4627807 -0.6998838 2.0981514
0.39403072 -0.6811338 2.0731516
0.36590576 -0.6842588 1.5931515
0.3377807 -0.6873838 1.1131514
0.38778073 -0.69988376 1.1131514
0.24715576 -0.65300876 1.5681515
0.23778075 -0.66238374 1.1131514
0.28778076 -0.6748837 1.1131514
0.26590574 -0.63425887 2.4781513
0.42215574 -0.67800885 2.5531516
-0.074719235 -0.72488385 3.0331514
0.18778074 -0.79988384 2.8831515
-0.074719235 -0.72488385 3.0331514
0.031530753 -0.7436338 2.5156515
0.012780741 -0.74988383 2.9831512
0.10028074 -0.77488387 2.9331512
0.069030754 -0.73113376 1.5806514
0.050280765 -0.7373838 2.0481515
0.119030744 -0.7561338 2.0231514
-0.018469214 -0.7186338 2.0731516
0.009655759 -0.71550876 1.5931515
0.037780777 -0.7123837 1.1131514
0.12840575 -0.74675876 1.5681515
0.18778074 -0.7748838 1.9981513
0.13778074 -0.7373837 1.1131514
0.18778074 -0.76238376 1.5556514
0.08778076 -0.72488374 1.1131514
0.10965574 -0.76550883 2.4781513
0.18778074 -0.79988384 2.8831515
0.18778074 -0.7873838 2.4406514
-0.046594232 -0.7217588 2.5531516
0.18778074 -0.7498837 1.1131514
0.45028073 -0.7248839 3.0331514
0.45028073 -0.7248839 3.0331514
0.34403074 -0.74363387 2.5156515
0.2752807 -0.77488387 2.9331512
0.36278075 -0.7498839 2.9831512
0.30653074 -0.73113376 1.5806514
0.25653073 -0.7561338 2.0231514
0.32528073 -0.73738384 2.0481515
0.39403072 -0.71863383 2.0731516
0.36590576 -0.7155088 1.5931515
0.3377807 -0.71238375 1.1131514
0.24715573 -0.74675876 1.5681515
0.23778073 -0.7373837 1.1131514
0.28778073 -0.72488374 1.1131514
0.26590574 -0.76550883 2.4781513
0.42215574 -0.7217589 2.5531516
0.18778075 -0.6071734 0.37402737
0.18778075 -0.6071734 0.52133954
0.18778075 -0.60717344 0.8159638
0.18778075 -0.60717344 0.96327597
0.1074913 -0.6535286 0.96327597
0.1074913 -0.6535285 0.37402737
0.2680702 -0.7462389 0.96327597
0.18778074 -0.792594 0.96327597
0.18778074 -0.79259396 0.52133954
0.2680702 -0.7462388 0.52133954
0.2680702 -0.74623877 0.37402737
0.18778074 -0.7925939 0.37402737
0.26807022 -0.65352863 0.96327597
0.26807022 -0.6535286 0.52133954
0.26807022 -0.6535285 0.37402737
0.107491285 -0.7462388 0.96327597
0.107491285 -0.74623877 0.52133954
0.107491285 -0.74623877 0.37402737